 297120 338 512
 163416 676 512
 113896 1352 512
  84184 169 512
  79232 2704 512
  49520 1 512
  44568 85 512
  44568 1024 512
  34664 10816 512
  29712 5408 512
  29712 42 512
  29712 16 256
  19808 512 512
  14856 24 256
   9904 85 256
   9904 8 256
   9904 44 256
   9904 423 512
   9904 2816 512
   9904 1536 512
   9904 12 256
   4952 768 512
   4952 676 128
   4952 5440 512
   4952 5408 128
   4952 44 128
   4952 2704 128
   4952 2 512
   4952 22 256
   4952 1408 512
   4952 128 512
   4952 12 64
   4952 1014 512
      1 24336 512
